255 255 255 255 255 255 255 255 255 255 255 255 255 255 255 255
255 255 255 255 255 255 255 255 255 255 255 255 255 255 255 255
255 255   0   0   0   0   0   0   0   0   0   0   0   0 255 255
255 255   0   0   0   0   0   0   0   0   0   0   0   0 255 255
255 255   0   0   0   0   0   0   0   0   0   0   0   0 255 255
255 255   0   0   0 255 255 128 128 255 255   0   0   0 255 255
255 255   0   0   0 255 252 240 234 228 255   0   0   0 255 255
255 255   0   0   0 255 249  92  49 230 255   0   0   0 255 255
255 255   0   0   0 255  76 127 160  20 255   0   0   0 255 255
255 255   0   0   0 255  17  17  29  32 255   0   0   0 255 255
255 255   0   0   0 255  17  15  12 255 255   0   0   0 255 255
255 255   0   0   0   0   0   0   0   0   0   0   0   0 255 255
255 255   0   0   0   0   0   0   0   0   0   0   0   0 255 255
255 255   0   0   0   0   0   0   0   0   0   0   0   0 255 255
255 255 255 255 255 255 255 255 255 255 255 255 255 255 255 255
255 255 255 255 255 255 255 255 255 255 255 255 255 255 255 255
255 255 255 255 255 255 255 255 255 255 255 255 255 255 255 255
255 255 255 255 255 255 255 255 255 255 255 255 255 255 255 255
255 255   0   0   0   0   0   0   0   0   0   0   0   0 255 255
255 255   0   0   0   0   0   0   0   0   0   0   0   0 255 255
255 255   0   0   0   0   0   0   0   0   0   0   0   0 255 255
255 255   0   0   0 255 255  25  25 255 255   0   0   0 255 255
255 255   0   0   0 255 251 238 238 226 255   0   0   0 255 255
255 255   0   0   0 255 249 211 199 228 255   0   0   0 255 255
255 255   0   0   0 255 123 132 163  42 255   0   0   0 255 255
255 255   0   0   0 255  58  60  60  64 255   0   0   0 255 255
255 255   0   0   0 255  60  43  45 255 255   0   0   0 255 255
255 255   0   0   0   0   0   0   0   0   0   0   0   0 255 255
255 255   0   0   0   0   0   0   0   0   0   0   0   0 255 255
255 255   0   0   0   0   0   0   0   0   0   0   0   0 255 255
255 255 255 255 255 255 255 255 255 255 255 255 255 255 255 255
255 255 255 255 255 255 255 255 255 255 255 255 255 255 255 255
255 255 255 255 255 255 255 255 255 255 255 255 255 255 255 255
255 255 255 255 255 255 255 255 255 255 255 255 255 255 255 255
255 255   0   0   0   0   0   0   0   0   0   0   0   0 255 255
255 255   0   0   0   0   0   0   0   0   0   0   0   0 255 255
255 255   0   0   0   0   0   0   0   0   0   0   0   0 255 255
255 255   0   0   0 255 255 223 222 255 255   0   0   0 255 255
255 255   0   0   0 255 254 246 236 232 255   0   0   0 255 255
255 255   0   0   0 255 249 248 255 226 255   0   0   0 255 255
255 255   0   0   0 255 243 190 205 192 255   0   0   0 255 255
255 255   0   0   0 255 219 231 233 204 255   0   0   0 255 255
255 255   0   0   0 255 223 222 195 255 255   0   0   0 255 255
255 255   0   0   0   0   0   0   0   0   0   0   0   0 255 255
255 255   0   0   0   0   0   0   0   0   0   0   0   0 255 255
255 255   0   0   0   0   0   0   0   0   0   0   0   0 255 255
255 255 255 255 255 255 255 255 255 255 255 255 255 255 255 255
255 255 255 255 255 255 255 255 255 255 255 255 255 255 255 255

255 255 255 255 255 255 255 255 255 255 255 255 255 255 255 255
255 214 153 153 153 153 153 153 153 153 153 153 153 153 214 255
255 153   0   0   0   0   0   0   0   0   0   0   0   0 153 255
255 153   0   0   0   0   0   0   0   0   0   0   0   0 153 255
255 153   0   0  10  51  51  51  51  51  51  10   0   0 153 255
255 153   0   0  51 255 255 254 253 254 255  51   0   0 153 255
255 153   0   0  51 247 225 230 115  75 227  51   0   0 153 255
255 153   0   0  51 174 190 117 123  46 122  51   0   0 153 255
255 153   0   0  51 177 183 138 139  31 128  51   0   0 153 255
255 153   0   0  51 251 239 246 130  83 106  51   0   0 153 255
255 153   0   0  51 255 255 255 255 255 254  51   0   0 153 255
255 153   0   0  10  51  51  51  51  51  51  10   0   0 153 255
255 153   0   0   0   0   0   0   0   0   0   0   0   0 153 255
255 153   0   0   0   0   0   0   0   0   0   0   0   0 153 255
255 214 153 153 153 153 153 153 153 153 153 153 153 153 214 255
255 255 255 255 255 255 255 255 255 255 255 255 255 255 255 255
255 255 255 255 255 255 255 255 255 255 255 255 255 255 255 255
255 214 153 153 153 153 153 153 153 153 153 153 153 153 214 255
255 153   0   0   0   0   0   0   0   0   0   0   0   0 153 255
255 153   0   0   0   0   0   0   0   0   0   0   0   0 153 255
255 153   0   0  10  51  51  51  51  51  51  10   0   0 153 255
255 153   0   0  51 255 255 254 253 254 255  51   0   0 153 255
255 153   0   0  51 242 219 230 125  92 230  51   0   0 153 255
255 153   0   0  51 116 169 171 143  73 138  51   0   0 153 255
255 153   0   0  51 118 164 179 164  69 146  51   0   0 153 255
255 153   0   0  51 248 233 246 151 113 132  51   0   0 153 255
255 153   0   0  51 255 255 255 255 255 254  51   0   0 153 255
255 153   0   0  10  51  51  51  51  51  51  10   0   0 153 255
255 153   0   0   0   0   0   0   0   0   0   0   0   0 153 255
255 153   0   0   0   0   0   0   0   0   0   0   0   0 153 255
255 214 153 153 153 153 153 153 153 153 153 153 153 153 214 255
255 255 255 255 255 255 255 255 255 255 255 255 255 255 255 255
255 255 255 255 255 255 255 255 255 255 255 255 255 255 255 255
255 214 153 153 153 153 153 153 153 153 153 153 153 153 214 255
255 153   0   0   0   0   0   0   0   0   0   0   0   0 153 255
255 153   0   0   0   0   0   0   0   0   0   0   0   0 153 255
255 153   0   0  10  51  51  51  51  51  51  10   0   0 153 255
255 153   0   0  51 255 255 254 253 254 255  51   0   0 153 255
255 153   0   0  51 252 237 230 214 215 246  51   0   0 153 255
255 153   0   0  51 231 207 222 215 226 226  51   0   0 153 255
255 153   0   0  51 234 197 211 221 228 233  51   0   0 153 255
255 153   0   0  51 253 247 246 230 231 232  51   0   0 153 255
255 153   0   0  51 255 255 255 255 255 254  51   0   0 153 255
255 153   0   0  10  51  51  51  51  51  51  10   0   0 153 255
255 153   0   0   0   0   0   0   0   0   0   0   0   0 153 255
255 153   0   0   0   0   0   0   0   0   0   0   0   0 153 255
255 214 153 153 153 153 153 153 153 153 153 153 153 153 214 255
255 255 255 255 255 255 255 255 255 255 255 255 255 255 255 255

255 255 255 255 255 255 255 255 255 255 255 255 255 255 255 255
255 214 153 153 153 153 153 153 153 153 153 153 153 153 214 255
255 153   0   0   0   0   0   0   0   0   0   0   0   0 153 255
255 153   0   0   0   0   0   0   0   0   0   0   0   0 153 255
255 153   0   0  10  51  51  51  51  51  51  10   0   0 153 255
255 153   0   0  51 255 227 122 128 106 254  51   0   0 153 255
255 153   0   0  51 254  75  46  31  83 255  51   0   0 153 255
255 153   0   0  51 253 115 123 139 130 255  51   0   0 153 255
255 153   0   0  51 254 230 117 138 246 255  51   0   0 153 255
255 153   0   0  51 255 225 190 183 239 255  51   0   0 153 255
255 153   0   0  51 255 247 174 177 251 255  51   0   0 153 255
255 153   0   0  10  51  51  51  51  51  51  10   0   0 153 255
255 153   0   0   0   0   0   0   0   0   0   0   0   0 153 255
255 153   0   0   0   0   0   0   0   0   0   0   0   0 153 255
255 214 153 153 153 153 153 153 153 153 153 153 153 153 214 255
255 255 255 255 255 255 255 255 255 255 255 255 255 255 255 255
255 255 255 255 255 255 255 255 255 255 255 255 255 255 255 255
255 214 153 153 153 153 153 153 153 153 153 153 153 153 214 255
255 153   0   0   0   0   0   0   0   0   0   0   0   0 153 255
255 153   0   0   0   0   0   0   0   0   0   0   0   0 153 255
255 153   0   0  10  51  51  51  51  51  51  10   0   0 153 255
255 153   0   0  51 255 230 138 146 132 254  51   0   0 153 255
255 153   0   0  51 254  92  73  69 113 255  51   0   0 153 255
255 153   0   0  51 253 125 143 164 151 255  51   0   0 153 255
255 153   0   0  51 254 230 171 179 246 255  51   0   0 153 255
255 153   0   0  51 255 219 169 164 233 255  51   0   0 153 255
255 153   0   0  51 255 242 116 118 248 255  51   0   0 153 255
255 153   0   0  10  51  51  51  51  51  51  10   0   0 153 255
255 153   0   0   0   0   0   0   0   0   0   0   0   0 153 255
255 153   0   0   0   0   0   0   0   0   0   0   0   0 153 255
255 214 153 153 153 153 153 153 153 153 153 153 153 153 214 255
255 255 255 255 255 255 255 255 255 255 255 255 255 255 255 255
255 255 255 255 255 255 255 255 255 255 255 255 255 255 255 255
255 214 153 153 153 153 153 153 153 153 153 153 153 153 214 255
255 153   0   0   0   0   0   0   0   0   0   0   0   0 153 255
255 153   0   0   0   0   0   0   0   0   0   0   0   0 153 255
255 153   0   0  10  51  51  51  51  51  51  10   0   0 153 255
255 153   0   0  51 255 246 226 233 232 254  51   0   0 153 255
255 153   0   0  51 254 215 226 228 231 255  51   0   0 153 255
255 153   0   0  51 253 214 215 221 230 255  51   0   0 153 255
255 153   0   0  51 254 230 222 211 246 255  51   0   0 153 255
255 153   0   0  51 255 237 207 197 247 255  51   0   0 153 255
255 153   0   0  51 255 252 231 234 253 255  51   0   0 153 255
255 153   0   0  10  51  51  51  51  51  51  10   0   0 153 255
255 153   0   0   0   0   0   0   0   0   0   0   0   0 153 255
255 153   0   0   0   0   0   0   0   0   0   0   0   0 153 255
255 214 153 153 153 153 153 153 153 153 153 153 153 153 214 255
255 255 255 255 255 255 255 255 255 255 255 255 255 255 255 255

255 255 255 255 255 255 255 255 255 255 255 255 255 255 255 255
255 214 153 153 153 153 153 153 153 153 153 153 153 153 214 255
255 153   0   0   0   0   0   0   0   0   0   0   0   0 153 255
255 153   0   0   0   0   0   0   0   0   0   0   0   0 153 255
255 153   0   0  10  51  51  51  51  51  51  10   0   0 153 255
255 153   0   0  51 254 255 255 255 255 255  51   0   0 153 255
255 153   0   0  51 106  83 130 246 239 251  51   0   0 153 255
255 153   0   0  51 128  31 139 138 183 177  51   0   0 153 255
255 153   0   0  51 122  46 123 117 190 174  51   0   0 153 255
255 153   0   0  51 227  75 115 230 225 247  51   0   0 153 255
255 153   0   0  51 255 254 253 254 255 255  51   0   0 153 255
255 153   0   0  10  51  51  51  51  51  51  10   0   0 153 255
255 153   0   0   0   0   0   0   0   0   0   0   0   0 153 255
255 153   0   0   0   0   0   0   0   0   0   0   0   0 153 255
255 214 153 153 153 153 153 153 153 153 153 153 153 153 214 255
255 255 255 255 255 255 255 255 255 255 255 255 255 255 255 255
255 255 255 255 255 255 255 255 255 255 255 255 255 255 255 255
255 214 153 153 153 153 153 153 153 153 153 153 153 153 214 255
255 153   0   0   0   0   0   0   0   0   0   0   0   0 153 255
255 153   0   0   0   0   0   0   0   0   0   0   0   0 153 255
255 153   0   0  10  51  51  51  51  51  51  10   0   0 153 255
255 153   0   0  51 254 255 255 255 255 255  51   0   0 153 255
255 153   0   0  51 132 113 151 246 233 248  51   0   0 153 255
255 153   0   0  51 146  69 164 179 164 118  51   0   0 153 255
255 153   0   0  51 138  73 143 171 169 116  51   0   0 153 255
255 153   0   0  51 230  92 125 230 219 242  51   0   0 153 255
255 153   0   0  51 255 254 253 254 255 255  51   0   0 153 255
255 153   0   0  10  51  51  51  51  51  51  10   0   0 153 255
255 153   0   0   0   0   0   0   0   0   0   0   0   0 153 255
255 153   0   0   0   0   0   0   0   0   0   0   0   0 153 255
255 214 153 153 153 153 153 153 153 153 153 153 153 153 214 255
255 255 255 255 255 255 255 255 255 255 255 255 255 255 255 255
255 255 255 255 255 255 255 255 255 255 255 255 255 255 255 255
255 214 153 153 153 153 153 153 153 153 153 153 153 153 214 255
255 153   0   0   0   0   0   0   0   0   0   0   0   0 153 255
255 153   0   0   0   0   0   0   0   0   0   0   0   0 153 255
255 153   0   0  10  51  51  51  51  51  51  10   0   0 153 255
255 153   0   0  51 254 255 255 255 255 255  51   0   0 153 255
255 153   0   0  51 232 231 230 246 247 253  51   0   0 153 255
255 153   0   0  51 233 228 221 211 197 234  51   0   0 153 255
255 153   0   0  51 226 226 215 222 207 231  51   0   0 153 255
255 153   0   0  51 246 215 214 230 237 252  51   0   0 153 255
255 153   0   0  51 255 254 253 254 255 255  51   0   0 153 255
255 153   0   0  10  51  51  51  51  51  51  10   0   0 153 255
255 153   0   0   0   0   0   0   0   0   0   0   0   0 153 255
255 153   0   0   0   0   0   0   0   0   0   0   0   0 153 255
255 214 153 153 153 153 153 153 153 153 153 153 153 153 214 255
255 255 255 255 255 255 255 255 255 255 255 255 255 255 255 255
